25
45
2
46
25
34
36
42
22
42
7
5
34
5
43
33
39
47
5
50
8
31
34
35
13
29
43
31
4
25
28
43
44
46
45
4
17
33
47
46
38
48
41
16
49
32
50
6
35
34
25
47
24
23
43
31
8
34
24
19
29
22
5
11
39
44
49
39
15
27
46
34
47
23
28
41
49
25
21
5
15
50
19
22
30
41
29
18
46
28
27
15
32
22
8
42
8
44
44
27
19
37
20
30
23
16
24
43
11
1
22
42
32
3
20
8
25
28
35
15
27
27
31
24
6
22
31
48
48
25
14
22
23
47
30
17
4
36
19
49
36
33
1
44
17
22
37
36
42
39
32
26
44
19
4
23
8
36
32
22
11
17
3
27
43
24
27
18
1
4
2
3
35
4
8
10
38
49
31
12
29
12
40
31
43
28
24
22
48
3
7
50
25
45
43
24
11
1
22
44
